
160	12	5.73	23.11	49	25.3	97.2	52	1
144	0.01	4.41	28.61	55	28.87	2.06	63	1
118	0.08	3.48	32.28	52	29.14	3.81	46	0
170	7.5	6.41	38.03	51	31.99	24.26	58	1
134	13.6	3.5	27.78	60	25.99	57.34	49	1
132	6.2	6.47	36.21	62	30.77	14.14	45	0
142	4.05	3.38	16.2	59	20.81	2.62	38	0
114	4.08	4.59	14.6	62	23.11	6.72	58	1
114	0	3.83	19.4	49	24.86	2.49	29	0
132	0	5.8	30.96	69	30.11	0	53	1
206	6	2.95	32.27	72	26.81	56.06	60	1
134	14.1	4.44	22.39	65	23.09	0	40	1
118	0	1.88	10.05	59	21.57	0	17	0
132	0	1.87	17.21	49	23.63	0.97	15	0
112	9.65	2.29	17.2	54	23.53	0.68	53	0
117	1.53	2.44	28.95   35	25.89	30.03	46	0
120	7.5	15.33	22	60	25.31	34.49	49	0
146	10.5	8.29	35.36	78	32.73	13.89	53	1
158	2.6	7.46	34.07	61	29.3	53.28	62	1
124	14	6.23	35.96	45	30.09	0	59	1
106	1.61	1.74	12.32	74	20.92	13.37	20	1
132	7.9	2.85	26.5	51	26.16	25.71	44	0
150	0.3	6.38	33.99	62	24.64	0	50	0
138	0.6	3.81	28.66	54	28.7	1.46	58	0
142	18.2	4.34	24.38	61	26.19	0	50	0
124	4	12.42	31.29	54	23.23	2.06	42	1
118	6	9.65	33.91	60	38.8	0	48	0
145	9.1	5.24	27.55	59	20.96	21.6	61	1
144	4.09	5.55	31.4	60	29.43	5.55	56	0
146	0	6.62	25.69	60	28.07	8.23	63	1
136	2.52	3.95	25.63	51	21.86	0	45	1
158	1.02	6.33	23.88   66	22.13	24.99	46	1
122	6.6	5.58	35.95	53	28.07	12.55	59	1
126	8.75	6.53	34.02	49	30.25	0	41	1
148	5.5	7.1	25.31	56	29.84	3.6	48	0
122	4.26	4.44	13.04   57	19.49	48.99	28	1
140	3.9	7.32	25.05	47	27.36	36.77	32	0
110	4.64	4.55	30.46	48	30.9	15.22	46	0
130	0	2.82	19.63	70	24.86	0	29	0
136	11.2	5.81	31.85	75	27.68	22.94	58	1
118	0.28	5.8	33.7	60	30.98	0	41	1
144	0.04	3.38	23.61	30	23.75	4.66	30	0
120	0	1.07	16.02	47	22.15	0	15	0
130	2.61	2.72	22.99	51	26.29	13.37	51	1
114	0	2.99	9.74	54	46.58	0	17	0
128	4.65	3.31	22.74	62	22.95	0.51	48	0
162	7.4	8.55	24.65	64	25.71	5.86	58	1
116	1.91	7.56	26.45	52	30.01	3.6	33	1
114	0	1.94	11.02	54	20.17	38.98	16	0
126	3.8	3.88	31.79   57	30.53	0	30	0
122	0	5.75	30.9	46	29.01	4.11	42	0
134	2.5	3.66	30.9	52	27.19	23.66	49	0
152	0.9	9.12	30.23	56	28.64	0.37	42	1
134	8.08	1.55	17.5	56	22.65	66.65	31	1
156	3	1.82	27.55	60	23.91	54	53	0
152	5.99	7.99	32.48	45	26.57	100.32	48	0
118	0	2.99	16.17	49	23.83	3.22	28	0
126	5.1	2.96	26.5	55	25.52	12.34	38	1
103	0.03	4.21	18.96	48	22.94	2.62	18	0
121	0.8	5.29	18.95	47	22.51	0	61	0
142	0.28	1.8	21.03	57	23.65	2.93	33	0
138	1.15	5.09	27.87	61	25.65	2.34	44	0
152	10.1	4.71	24.65	65	26.21	24.53	57	0
140	0.45	4.3	24.33	41	27.23	10.08	38	0
130	0	1.82	10.45	57	22.07	2.06	17	0
136	7.36	2.19	28.11	61	25	61.71	54	0
124	4.82	3.24	21.1	48	28.49	8.42	30	0
112	0.41	1.88	10.29	39	22.08	20.98	27	0
118	4.46	7.27	29.13	48	29.01	11.11	33	0
122	0	3.37	16.1	67	21.06	0	32	1